0.57

52 0 0 31 0
0 29 0 54 0
0 0 49 34 1
0 0 0 72 0
0 0 0 58 34

3
3
3
1
0
4
4
4
3
3
3
3
3
3
3
3
0
3
3
3
1
4
4
3
3
3
2
0
2
3
3
2
3
3
1
3
0
4
3
0
3
3
3
0
3
3
3
3
3
3
1
2
3
0
3
3
0
4
3
3
3
3
3
1
4
0
3
3
3
1
3
3
3
4
3
3
2
3
2
3
1
3
1
3
3
3
3
3
0
1
0
2
3
3
4
3
1
0
3
4
3
3
4
2
3
3
3
4
3
3
0
2
3
3
3
3
3
1
3
3
3
0
0
3
2
3
3
2
3
3
2
4
2
2
1
2
3
4
4
3
4
3
2
3
0
3
4
3
3
0
2
0
3
3
0
3
3
3
1
1
3
3
3
0
3
3
3
3
2
3
3
2
3
3
3
3
1
3
3
2
1
3
3
2
3
3
3
3
2
2
3
3
3
3
3
3
3
3
3
2
3
3
3
3
3
3
4
3
3
0
3
3
2
4
3
3
3
0
3
0
3
3
3
3
3
3
1
3
3
3
3
1
2
4
3
3
3
3
3
3
3
2
3
4
3
3
3
3
1
3
3
3
2
3
2
3
2
0
3
3
4
0
3
3
3
2
4
3
3
3
0
3
3
4
2
3
0
4
3
1
3
3
3
3
3
3
3
0
3
3
3
0
3
4
0
4
3
0
2
3
3
0
1
2
1
3
3
0
4
3
3
3
2
3
3
3
2
3
3
1
2
2
0
3
3
3
0
2
3
3
4
4
3
0
0
3
3
0
1
3
3
3
0
2
0
0
3
3
0
3
0
2
2
1
2
3
3
3
3
1
0
1
0
3
3
3
3
4
3
3
3
3
0
2
3
4
2
4
4
3
3
3
3
0
3
3
3
0
3
2
0
0
2
1
3
3
3
2
3
3
3
1
0
3
3
3
3
0
3
3
2
3
3
3
